time,x,y,z,phi,theta,psi,x_velocity,y_velocity,z_velocity,phi_velocity,theta_velocity,psi_velocity,rotor_speed1,rotor_speed2,rotor_speed3,rotor_speed4
0.06,1.17305058615e-07,5.33438905928e-08,10.0088668329,6.28277278801,6.28295623317,0.0,1.71157982236e-05,-1.75931254161e-05,0.29553123283,-0.0264613676956,-0.0128248737583,0.0,495.48887315081583,494.54537247697806,496.09900571938914,494.1526568047747
0.12000000000000001,9.1125001477e-06,-1.83224134387e-05,10.0333545294,6.28108817041,6.28288024538,0.0,0.000325729391056,-0.000791840457717,0.520649267127,-0.0315209542663,0.0152724495319,0.0,472.9628234835884,475.12157806021804,476.27844908025355,475.89123240753383
0.18,3.20546726649e-05,-0.000124671106731,10.0713298133,6.27976999448,0.000331046844066,0.0,0.000342876551987,-0.00294035370334,0.745073527725,-0.00762654671758,-0.000926197485899,0.0,475.77755537566435,474.53580184508405,474.0378488420673,475.8700988304755
0.23999999999999996,4.54688531366e-05,-0.000379799434436,10.1210042813,6.27970404401,4.36357407905e-05,0.0,0.000121881833685,-0.00559002721066,0.910624412254,0.00950933735431,-0.0139270985893,0.0,457.76925436171086,456.73376445618806,457.69686257931943,459.0584734822257
0.3,5.52222810225e-05,-0.000786974848901,10.1792832545,6.27982137902,6.28209456843,0.0,0.000304115567061,-0.00793791685845,1.03190614531,-0.0208168456588,-0.0314109230141,0.0,447.12557314636746,445.6991022531342,443.73533890768687,441.23912205578455
0.36000000000000004,0.000100652848189,-0.00133096252617,10.2423830774,6.27816210847,6.28011604291,0.0,0.00138972061097,-0.0103248264622,1.0713840647,-0.0470706064133,-0.0363032113373,0.0,417.78189507887413,417.3546590184116,420.2716152830214,417.9897717310159
0.4200000000000001,0.00026990013157,-0.00208813402036,10.313894449,6.27483245598,6.27833634683,0.0,0.00449097558297,-0.0152773851031,1.312080447,-0.0832222314579,-0.0189033589783,0.0,479.84873716745034,481.16739052945786,482.1095122722727,479.36827907577407
0.48000000000000015,0.000662072469285,-0.003230073882,10.3992781317,6.27008479525,6.27745557587,0.0,0.00869964307827,-0.0233679643134,1.53376511173,-0.0719938006373,-0.00734534659553,0.0,475.12209873911235,476.0074242754204,475.27585132798987,476.13095284896605
0.5400000000000001,0.00130772570725,-0.00492802086766,10.4949302017,6.26537958105,6.27661170993,0.0,0.0128828856498,-0.0336968996637,1.6544627584,-0.096109525711,-0.0329763245489,0.0,446.7371137080798,444.64248306209737,446.8055306891243,444.8300800723156
0.6000000000000002,0.00224383095595,-0.00739321274549,10.6000584547,6.26001968189,6.27474296702,0.0,0.018541592753,-0.0491131469179,1.84950283368,-0.0783983276283,-0.0277157493002,0.0,468.9689174295218,469.37703240958393,467.64062152045625,469.011720197015
0.6600000000000003,0.00352560918922,-0.0108056530608,10.7127893518,6.25619733549,6.27365440691,0.0,0.0243108464902,-0.0650318201039,1.90808593692,-0.0441225191318,-0.0037744330759,0.0,426.50662351299434,428.5463537393562,425.05452570067257,427.97802944418186
0.7200000000000003,0.00518150013814,-0.0152731610992,10.8302109001,6.25394036751,6.27305695312,0.0,0.0309213305521,-0.0841273739784,2.00579098035,-0.0270384333952,-0.0267056942531,0.0,440.79507909133395,438.8961689670798,439.0863276289262,440.50050554017946
0.7800000000000004,0.00729283796165,-0.021048182075,10.9575083955,6.25219025839,6.27090623498,0.0,0.0396618687018,-0.108565105933,2.23702607705,-0.0338099672187,-0.0690806292942,0.0,482.12601999788814,478.9130277466816,480.9152468518416,480.4019081966616
0.8400000000000004,0.0100177874985,-0.0283919435332,11.1005144853,6.25015750915,6.26646437331,0.0,0.0517187876979,-0.136472871857,2.52922645367,-0.0340178599096,-0.0864350783418,0.0,499.9744056894116,498.70472521720876,498.2998111266108,498.2842838287601
0.9000000000000005,0.0134722127008,-0.0372440462004,11.2544681725,6.24772207752,6.26132861912,0.0,0.0639318631224,-0.15880598887,2.60238024499,-0.0588837096355,-0.083969324252,0.0,434.5825878472689,434.7830030069658,435.73947652002266,433.6547329458631
0.9600000000000005,0.0178657349546,-0.0476549974354,11.4173978887,6.24475621822,6.25615897507,0.0,0.0831219033435,-0.188592364161,2.8280475797,-0.0352039351282,-0.0909460554367,0.0,481.77290691263056,481.23959789117976,480.6313851342791,482.4211995531763
1.0200000000000005,0.0234862676768,-0.0598474808883,11.5919922657,6.24252499525,6.25087207149,0.0,0.104815369022,-0.218048823817,2.99132074679,-0.0414805922084,-0.0829849058251,0.0,463.53469304353155,464.1537686239552,464.91084333088867,464.41820682195373
1.0800000000000005,0.0304922969547,-0.0738164881882,11.7753643185,6.2407490546,6.24587759427,0.0,0.129237895594,-0.247789734768,3.12070370414,-0.0127285094751,-0.0837587053929,0.0,455.5404735345643,455.4731278199448,453.1101657583186,455.41536557167876
1.1400000000000006,0.0391457469612,-0.0896848611798,11.9684290474,6.23966025193,6.24061446495,0.0,0.159783871326,-0.281236386584,3.31421155704,-0.0321137162834,-0.0971207965799,0.0,475.702941252287,474.672697836077,475.4177504135197,473.93014765247517
1.2000000000000006,0.0496014290748,-0.107432842064,12.1695077456,6.23785396847,6.23532373817,0.0,0.189270791002,-0.310536034502,3.38815451096,-0.0263630075714,-0.0745505227907,0.0,439.2328851330631,441.0939744306945,438.78033323774645,439.2571958477808
1.2600000000000007,0.0620032329635,-0.12704520591,12.3765909146,6.23650563957,6.23144655223,0.0,0.224540370265,-0.343346100258,3.51419942094,-0.0156479706189,-0.0498505147076,0.0,455.38661951972347,457.3550052769933,455.99912102003805,456.85427000224905
1.3200000000000007,0.0765831229049,-0.148637767765,12.5909207563,6.23603999366,6.22829166675,0.0,0.261756169404,-0.376459311176,3.62973680101,0.00459801970063,-0.0586925374156,0.0,453.68111516318857,452.9688207078076,453.9309253854557,455.55287307367877
1.3800000000000008,0.0935350764265,-0.172282752756,12.8134566757,6.23672945093,6.22526464492,0.0,0.303637450988,-0.411627519306,3.78758666274,0.0225817368365,-0.0376581660895,0.0,465.9161568369674,467.556257984382,467.95211317933774,469.34988422136854
1.4400000000000008,0.112631372128,-0.197677861789,13.0380858307,6.23796574205,6.22357835609,0.0,0.333064255823,-0.434795266398,3.70032661475,0.0163252959832,-0.0137602295845,0.0,387.29438414907185,389.5353593805912,389.28864538687793,388.70276678644785
1.5000000000000009,0.133964824971,-0.224785231079,13.2650031605,6.23883783791,6.22329859894,0.0,0.378072990788,-0.468658855978,3.86303587643,0.0106896501605,0.00915668902543,0.0,469.2427571221978,471.0185595129374,469.4431517091166,469.00550646776844
1.560000000000001,0.157731013662,-0.253708767838,13.497210398,6.2395029721,6.22446314538,0.0,0.414045990142,-0.495401867456,3.87715469469,0.0118658734175,0.0345424916102,0.0,423.26173301808296,425.4410503046018,424.13198303172527,424.2328814302644
1.620000000000001,0.183918185055,-0.28443954278,13.735202721,6.24088950233,6.22625185841,0.0,0.45859774889,-0.528808374751,4.05531297333,0.0393145485809,0.0180992714417,0.0,476.1640164165819,474.9045725262085,474.30435966029063,476.4079001570577
1.680000000000001,0.212588304311,-0.317025502827,13.9812091035,6.24331043769,6.22741012579,0.0,0.496937748322,-0.557141941641,4.14458742504,0.0423408170242,0.021611827325,0.0,449.09415876819435,449.3789531334575,450.2039168894346,450.4495462926024
1.740000000000001,0.243303364461,-0.35109968302,14.2284392686,6.24573148963,6.22899360895,0.0,0.52678619969,-0.578477462014,4.09660277868,0.0360414124943,0.0345535357363,0.0,404.8010654257327,405.96432393000924,405.8965860311978,405.3318023771873
1.8000000000000012,0.276044944018,-0.386598543645,14.477702054,6.24825410166,6.23130118887,0.0,0.564342382213,-0.604561929188,4.21175417988,0.0519388187067,0.0453066028164,0.0,458.1321126309917,458.98703636466666,456.84820640195045,458.1150019588868
1.8600000000000012,0.310724834389,-0.423431655465,14.728770892,6.25118794582,6.23359858435,0.0,0.591454903686,-0.622981820823,4.15742768408,0.0419924432743,0.0180862952156,0.0,404.80794743190086,402.35157839388273,404.48100667935097,403.58587929448834
1.9200000000000013,0.34733856561,-0.461541520206,14.9834609248,6.25457718209,6.23460683446,0.0,0.62884699829,-0.646988746662,4.33160693024,0.0758919437423,0.0141081720719,0.0,475.678321593373,475.3734595019321,475.3450396226012,477.93770095787255
1.9800000000000013,0.386115892176,-0.500976230272,15.2474532291,6.25930017554,6.23606614771,0.0,0.66357006384,-0.666997128029,4.46763470606,0.0838366085432,0.0394119035485,0.0,464.22002452496866,466.2015787659587,466.49835032548236,467.1229582878451
2.0400000000000014,0.426795916963,-0.541438725679,15.516572636,6.26447954188,6.23878268867,0.0,0.692180784203,-0.681286372685,4.50290454606,0.0908786702338,0.0549802872746,0.0,435.7248711578207,437.02579929779176,434.8329415148688,435.4288356467349
2.1000000000000014,0.469275119571,-0.582717722767,15.7909858372,6.27035571692,6.24290636903,0.0,0.723349629471,-0.694065185137,4.64368161434,0.10923427911,0.0874351872455,0.0,468.0129999087574,470.53554755585816,467.2932319941337,468.72959605831346
2.1600000000000015,0.513628997252,-0.624663490913,16.0764856794,6.27681276145,6.24831223339,0.0,0.754421361317,-0.703339784179,4.87208846656,0.104173099972,0.0949488731673,0.0,495.08967701546186,495.6480991621508,495.0623054449656,494.6986038086604
2.2200000000000015,0.559505927449,-0.666978357439,16.3696558978,0.000485087195351,6.2541121954,0.0,0.774269822123,-0.706561740917,4.90018328479,0.129271000328,0.0998940321807,0.0,436.3778355194888,436.7986466476538,435.8193219569829,437.9238439517495
2.2800000000000016,0.606504819375,-0.709354512194,16.6660020531,0.00814557629603,6.25995114861,0.0,0.791755644814,-0.705227560678,4.97773908913,0.124278191255,0.0915890973775,0.0,453.1755577726472,452.51530485666876,452.2573156979464,451.8695122989821
2.3400000000000016,0.654452231253,-0.751493159866,16.9677958345,0.0153264021099,6.26485822161,0.0,0.805915167851,-0.698655038368,5.08164072009,0.108392039201,0.0401153778893,0.0,462.72899519521997,458.6628142599526,462.1662544202556,460.9244799723204
2.4000000000000017,0.703164451148,-0.793087191993,17.2762118309,0.0217650742681,6.26773789092,0.0,0.817530224369,-0.687152593685,5.19839246212,0.105058854803,0.0603398211522,0.0,464.46649077046834,466.05137854548065,466.60134596304204,466.35053583208503
2.4600000000000017,0.752490252678,-0.83388247427,17.5905087855,0.0282740654564,6.27092976874,0.0,0.826307005515,-0.672069906255,5.27783354234,0.114572145971,0.0324292676229,0.0,457.42904521483274,455.20232495739594,454.3765297738372,455.148685428379
2.520000000000002,0.80232674747,-0.873534634221,17.913195059,0.0347789436354,6.27252175455,0.0,0.83468288447,-0.648916537508,5.47745217694,0.0917857274356,0.0108687210997,0.0,492.72160037769,491.12491824316027,492.496748135947,490.81716409105195
2.580000000000002,0.852605454614,-0.911737751524,18.2454238299,0.0400296689106,6.27428100923,0.0,0.841123106831,-0.623978435178,5.59627231629,0.0771980551702,0.0520734100546,0.0,467.86726113074985,471.065084414589,471.20246259879843,470.0790324579508
2.640000000000002,0.903201598764,-0.948447203213,18.5820812356,0.044654573643,6.27748661625,0.0,0.845117099034,-0.599252016794,5.62550986187,0.0768482448749,0.0560037986725,0.0,443.7804207084169,444.1048565933753,443.48400676550426,443.4599906942688
2.700000000000002,0.953974411312,-0.983600082256,18.920215387,0.0490668771743,6.28074418191,0.0,0.847003990052,-0.572106069147,5.64553915176,0.0659292102048,0.0506315721449,0.0,442.0463505475191,441.60532505153776,440.7549401955607,439.8556609216361
2.760000000000002,1.00479458376,-1.01720169934,19.2564116305,0.0532601219576,0.000773903879903,0.0,0.846762071091,-0.547618798723,5.56142125916,0.0768128526895,0.0589144582067,0.0,405.8501454417846,406.59522032507033,406.8571037560675,407.8347439617034
2.820000000000002,1.05554274235,-1.04902439072,19.592065481,0.0580143531598,0.00411467940674,0.0,0.844503398294,-0.51269816083,5.6267228473,0.0836890446966,0.0482681496509,0.0,454.8792869941491,454.0277865954259,454.44287452373726,454.99866102911466
2.880000000000002,1.106097797,-1.07874611986,19.9301203109,0.0628889728562,0.00715072491373,0.0,0.840394864225,-0.477584379498,5.6416933039,0.0758432109422,0.0548981006082,0.0,440.1370215264312,440.68712905827226,438.80604448172744,438.1595452671052
2.940000000000002,1.15637678646,-1.10650111892,20.2655041847,0.0674939026296,0.0104976893036,0.0,0.83532340922,-0.447215845472,5.53827011326,0.0785001820412,0.0574951063848,0.0,399.50195062222423,399.74121286028515,400.2580489766145,400.5052005004174
3.000000000000002,1.2062292087,-1.13192374265,20.6011346672,0.072309161636,0.0141469412194,0.0,0.826056429949,-0.399743174086,5.6488592508,0.0835481596974,0.0667550919204,0.0,467.4063834282852,468.13001487331985,468.44324330933836,468.84048414142256
3.0600000000000023,1.25546540999,-1.15449155224,20.9420778938,0.0772417360106,0.01832832332,0.0,0.814751250091,-0.352052956036,5.71556603687,0.0793900831996,0.0749908199812,0.0,455.16814759633,455.8304250890758,456.6381169460029,456.3115276235307
3.1200000000000023,1.30387564065,-1.17384644076,21.2902664821,0.0819508860854,0.0229181556236,0.0,0.798419660927,-0.292637257138,5.88981495214,0.0766142344568,0.0793499399453,0.0,489.41024592772425,489.73866254103257,487.9543600095816,487.75137439842075
3.1800000000000024,1.35130994249,-1.18991895038,21.6441872414,0.0868054202512,0.0284864811372,0.0,0.782246594712,-0.242688310589,5.90742642798,0.0883463424,0.111231218549,0.0,442.3993111396834,445.02400037099363,442.26715787777164,443.23784886280947
3.2400000000000024,1.39752781935,-1.202497714,22.0037607147,0.0921490552548,0.0353027873305,0.0,0.757606034375,-0.176077733103,6.07742697629,0.0904511745381,0.117970319642,0.0,489.4926950876425,490.00417844351693,489.19041471367296,489.3529586432505
3.3000000000000025,1.44226300866,-1.21135009152,22.3693096732,0.0974893527817,0.0422261285879,0.0,0.732919608115,-0.118516792957,6.10733325732,0.085945442847,0.10965544457,0.0,450.3309350705731,449.669399588432,448.7916345732639,448.43221114590744
3.3600000000000025,1.48518943279,-1.21620066051,22.7411718874,0.103527704572,0.0493801843442,0.0,0.697206212316,-0.0426116064742,6.28703391672,0.120219782231,0.133599236334,0.0,492.82451021441364,494.60235998469534,494.0809470594382,496.6089814312652
3.4200000000000026,1.52585046219,-1.21645374613,23.1228059725,0.110269622211,0.0577782067714,0.0,0.657292927528,0.0348612859555,6.43319744336,0.0880520617567,0.150351313496,0.0,486.3461863078967,487.6156402184875,488.0366336690663,485.63880209445034
3.4800000000000026,1.56405867644,-1.21216676554,23.5109469728,0.116234775604,0.067024302448,0.0,0.615429086031,0.108552520787,6.50433858092,0.115747408562,0.160700774148,0.0,465.7413791551662,466.57141673668957,465.6268524753507,467.7965853960371
3.5400000000000027,1.59952274631,-1.20325894393,23.9039683666,0.123787856252,0.0764514118139,0.0,0.565765033502,0.189048065204,6.59571946146,0.140879017205,0.148780039248,0.0,473.8163922227552,472.9204949158249,472.7985775310295,474.74425684497845
3.6000000000000028,1.63211568228,-1.18984434216,24.2986171857,0.132617544428,0.0855591097665,0.0,0.519899960206,0.25883796406,6.55930705519,0.157430163409,0.157223618603,0.0,434.5728144093441,435.30235352883244,434.39680906926895,435.8034154401841
3.660000000000003,1.66179383571,-1.17208117847,24.6911467537,0.141649869409,0.0946913389632,0.0,0.468579816561,0.334052180205,6.52503160613,0.130921980505,0.139586858149,0.0,436.7545390555705,435.3028414897166,436.2937132108748,434.09567219544573
3.720000000000003,1.68835301595,-1.14982395749,25.0804537843,0.149473736302,0.102936432171,0.0,0.416048437195,0.408508243912,6.45210290445,0.129329383997,0.132689730845,0.0,422.93855667981734,422.3624817804994,422.89993318712504,422.779235945807
3.780000000000003,1.7111199349,-1.12224289213,25.4701966314,0.156953507278,0.111097979211,0.0,0.342093625385,0.511539135394,6.53859392201,0.113162573557,0.141972869472,0.0,472.17042239839793,472.9020244952255,474.31177796110103,473.0812274563595
3.840000000000003,1.72950408384,-1.08864530414,25.8631306898,0.1636747097,0.120604542967,0.0,0.269900287939,0.608956849541,6.55884394755,0.109633298513,0.179570476634,0.0,452.8927596931311,455.92945906445175,454.0964802611399,453.8240564878372
3.900000000000003,1.74316921427,-1.04880778735,26.2588838525,0.169689860153,0.13145113515,0.0,0.184590992994,0.719500743728,6.63220415497,0.0646530967215,0.183082336412,0.0,471.203375979921,471.50437140254223,473.2601832874947,469.79177427395024
3.960000000000003,1.75114177524,-1.00178411833,26.6615858266,0.174182743326,0.143425579598,0.0,0.0799984592033,0.848231138706,6.78993540162,0.0899822978797,0.220714699872,0.0,496.2561357750017,499.04428066390676,497.2483054743407,499.10431407810455
4.020000000000002,1.752893212,-0.947332491815,27.0714502087,0.179570357872,0.156610925987,0.0,-0.0228640950902,0.967228960328,6.87133989169,0.0894137031116,0.217769276943,0.0,477.76342331546357,477.5828618024755,478.15833396216567,478.1211184908267
4.080000000000001,1.74884391584,-0.886355051534,27.482213793,0.184842847041,0.169564081811,0.0,-0.11319597726,1.0657863103,6.82071722168,0.0846066978353,0.211832801357,0.0,438.6773620101496,438.2307228495304,437.8296572929294,437.43596328705854
4.14,1.73955293547,-0.819798972817,27.8876866301,0.190188536,0.182536824206,0.0,-0.197503728896,1.15319800222,6.69542364569,0.0968219201911,0.223769534653,0.0,413.1672220708313,414.2683381089993,411.21023757879806,412.29844123361556
4.199999999999998,1.72482677343,-0.747731579518,28.2866078976,0.195833949494,0.195784494671,0.0,-0.294432783177,1.24951115803,6.60206951553,0.0879796804981,0.214073065891,0.0,422.5148946577522,421.72889519595714,424.3836042801708,423.6316878900913
4.259999999999997,1.70402437495,-0.669747942793,28.6801853237,0.201080815735,0.208402924698,0.0,-0.400000972062,1.35035911278,6.51720872926,0.0863629086979,0.201465804055,0.0,425.88031561173847,424.8459305873767,426.225196346501,426.0936557584665
4.319999999999996,1.6766691003,-0.585614900909,29.0687507631,0.206041215388,0.220600596315,0.0,-0.512811682002,1.45446738691,6.43495318453,0.0740324286047,0.206716225046,0.0,426.87463582769766,427.3648867698231,426.65779439153516,425.6093038583047
4.379999999999995,1.64180351937,-0.494668495756,29.4547202994,0.210508644741,0.233512670637,0.0,-0.650429494201,1.57736147964,6.43015095248,0.0752928937405,0.228272817819,0.0,451.397713000925,453.178585774946,452.9584118093227,453.0640075079989
4.439999999999993,1.59842041529,-0.396257502045,29.8404487737,0.215112703872,0.24746076306,0.0,-0.796823121259,1.70327543408,6.42683919195,0.0794701229278,0.239746777742,0.0,453.75178113571144,454.72449158456425,454.36984541824125,454.7091954455787
4.499999999999992,1.54712886238,-0.291168829132,30.2216004745,0.219731524107,0.261920335358,0.0,-0.913989537215,1.80004407301,6.27846773274,0.0714706818517,0.243370643349,0.0,405.3421565776365,405.7318755278606,406.41151602521165,405.69897306886725
4.559999999999991,1.48798641074,-0.179720140651,30.5960512508,0.224571610336,0.276545563187,0.0,-1.05857470843,1.91520067024,6.20294689052,0.0945967141026,0.244507750903,0.0,431.01461940640854,431.1721729159573,430.42482337382165,432.3832976570058
4.6199999999999894,1.4203165997,-0.0615940722969,30.9646178992,0.230476194794,0.291011667871,0.0,-1.19819794587,2.02272349563,6.08254286467,0.105109338439,0.233248815233,0.0,415.2549694390599,414.32840848712334,416.945187471247,417.87180124527583
4.679999999999988,1.34336025689,0.0635864102045,31.3281579674,0.23638409452,0.304609491629,0.0,-1.36808889882,2.15031658289,6.03486850145,0.0798884475627,0.208194507582,0.0,442.82751568703736,440.811924497299,443.00662691957865,440.93554700192146
4.739999999999987,1.25484240258,0.19734561592,31.6922780786,0.24083896344,0.317372842674,0.0,-1.58347248028,2.30844836227,6.1011407128,0.0595151009595,0.220501602753,0.0,478.8806301315065,479.8568822711592,482.6844245580709,481.14785753438287
4.799999999999986,1.15417402186,0.339906270312,32.0572578325,0.244129047912,0.330380191276,0.0,-1.77313037318,2.44366045544,6.06415346463,0.0432823648538,0.208097144546,0.0,450.7307226097791,449.77252193968707,449.85586142338076,448.54110930326914
4.859999999999984,1.04292655392,0.489892987801,32.4170830855,0.246666264617,0.342856216568,0.0,-1.93605803867,2.55601407985,5.92995177503,0.0402184611906,0.207605539948,0.0,417.28666431677584,417.2893527803849,416.7953897937698,416.5285508635115
4.919999999999983,0.92272682073,0.645953284465,32.7661071939,0.249050676486,0.355026579224,0.0,-2.07154695415,2.64619848035,5.70466770287,0.0387663593744,0.191038907609,0.0,382.85617456329885,381.3236520313859,382.1477372020863,382.01033418736876
4.979999999999982,0.790448828921,0.809952096499,33.1114733476,0.251454728496,0.367250015537,0.0,-2.33850821844,2.82019147322,5.80584977935,0.042549942899,0.22138545703,0.0,494.96483084597486,497.2286247547655,496.0030238842856,496.2815067306556
5.0399999999999805,0.643712555327,0.983229406476,33.4582402667,0.254418886381,0.380884422467,0.0,-2.55366275759,2.95567877895,5.75225034186,0.0604375830289,0.236918773404,0.0,448.6531870130924,449.96321723621145,447.88539309669596,449.33965739749556
